52
57
13
49
51
13
52
57
13
53
49
13
49
51
13
53
51
13
53
49
13
49
51
13
53
51
13
52
57
13
49
51
13
52
57
13
53
49
13
49
51
13
53
51
13
53
49
13
49
51
13
53
50
13
53
55
13
49
51
13
52
57
13
53
49
13
49
51
13
53
50
13
53
55
13
49
51
13
53
51
13
52
57
13
49
51
13
52
57
13
53
49
13
49
51
13
53
51
13
53
49
13
49
51
13
53
51
13
52
56
13
49
51
13
52
57
13
53
49
13
49
51
13
53
51
13
53
49
13
49
51
13
53
51
13
53
51
13
49
51
13
52
57
13
53
49
13
49
51
13
53
50
13
53
55
13
49
51
13
53
51
13
52
57
13
49
51
13
52
57
13
53
49
13
49
51
13
53
51
13
53
48
13
49
51
13
53
51
13
53
53
13
49
51
13
52
57
13
53
49
13
49
51
13
53
51
13
53
49
13
49
51
13
53
50
13
53
55
13
49
51
13
52
57
13
53
49
13
49
51
13
53
50
13
53
55
13
49
51
13
53
51
13
52
57
13
49
51
13
13
10
79
75
13
10
